240600003763113000
240600016358604000
240600029197398000
240600071073308000
240600083685588000
240600230482022000
240600326921666000
240600368898244000
240600406537932000
240600423227068000
240600502914666000
240600544803160000
240600578395344000
240600653767012000
240600695995236000
240600767063535000
240600783882690000
240600788018290000
240600796486586000
240600821761441000
240600834369536000
240600909728600000
240600909992849000
240600972571844000
240600972710256000
240601065119162000
240601090008170000
240601249387511000
240601295571017000
240601324960489000
240601480309125000
240601492929773000
240601509522448000
240601518192066000
240601522361221000
240601526316445000
240601547535425000
240601601826504000
240601614296170000
240601660697751000
240601702653382000
240601736014856000
240601765416939000
240601769690923000
240601815907966000
240601891095056000
240601933117788000
240601937236590000
240601954223538000
240601987924779000
240602209866362000
240602218477256000
240602260332232000
240602264379723000
240602293916028000
240602344151216000
240602407220948000
240602423939457000
240602444843847000
240602457430949000
240602516373516000
240602541384138000
240602658749177000
240602675752869000
240602729964269000
240602730106851000
240602784561512000
240602935711629000
240602998722670000
240602998588469000
240603007039975000
240603023716536000
240603053017952000
240603137071779000
240603250435432000
240603254239678000
240603317506555000
240603317171003000
240603401057091000
240603464076513000
240603468509880000
240603489275899000
240603493335957000
240603694939385000
240603694805180000
240603795476865000
240603812165980000
240603895955607000
240603917124255000
240603942269120000
240604114256551000
240604118622801000
240604130987622000
240604340962865000
240604374114643000
240604466565505000
240604500103147000
240604579752976000
240604835643281000
240604848356220000
240605049787650000
240605104254877000
240605276137480000
240605305367568000
240605410363584000
240605443964149000
240605456404455000
240605506710958000
240605511127543000
240605720725295000
240605754355240000
240605850559995000
240605859024080000
240605888572956000
240605892616269000
240605913558446000
240605968306696000
240605997633241000
240606069016129000
240606093808644000
240606219658735000
240606219696496000
240606341373259000
240606404346523000
240606417093029000
240606655862161000
240606685536845000
240606706290282000
240606722920701000
240606731489652000
240606765157326000
240606844836528000
240606895038164000
240606894920695000
240607029243305000
240607117415944000
240607142464323000
240607175926505000
240607230762815000
240607239017218000
240607284986781000
240607339558879000
240607431900672000
240607440163446000
240607465660637000
240607540830949000
240607566244216000
240607834528694000
240607855475032000
240607884940046000
240607905710239000
240607906012221000
240607977101463000
240608010974679000
240608044197752000
240608056839372000
240608086316961000
240608086455382000
240608182907572000
240608237307699000
240608262494494000
240608279334621000
240608321021820000
240608346388979000
240608413485240000
240608417767645000
240608455264722000
240608489121128000
240608644184559000
240608681660661000
240608778515537000
240608833045688000
240608845527928000
240608849764159000
240608887185747000
240608891761750000
240608992429232000
240609009047044000
240609046921613000
240609109525790000
240609189251141000
240609243928068000
240609361163067000
240609407468187000
240609604428521000
240609667657641000
240609692877983000
240609898176581000
240610057581125000
240610124857761000
240610233951604000
240610325848813000
240610330428981000
240610489418260000
240610514802192000
240610523249516000
240610745384062000
240610804230131000
240610850401050000
240610854696009000
240610904658571000
240610951114653000
240610971821948000
240610988917923000
240611005686751000
240611085017833000
240611085131063000
240611093611958000
240611131276804000
240611131406815000
240611168891330000
240611231889764000
240611290811338000
240611320024682000
240611399749992000
240611407991799000
240611428933963000
240611458398953000
240611466888232000
240611512882962000
240611546504495000
240611747717857000
240611852596432000
240611945118584000
240612041390432000
240612125276504000
240612184256831000
240612259406168000
240612259506823000
240612272303636000
240612276372119000
240612339089543000
240612373017280000
240612389639311000
240612402398388000
240612440017088000
240612473424723000
240612700210745000
240612762764578000
240612796625215000
240612859443286000
240612901197578000
240612905647738000
240612913893740000
240612947611754000
240612972475604000
240612980964864000
240612997804986000
240613006118092000
240613014385074000
240613027139969000
240613043975905000
240613056357466000
240613069192044000
240613098304729000
240613111227379000
240613144781791000
240613211882287000
240613219998253000
240613224163209000
240613224351948000
240613249400320000
240613312256147000
240613341662425000
240613354165649000
240613370934464000
240613417348640000
240613417277329000
240613429633757000
240613492661551000
240613534730440000
240613601667321000
240613643870404000
240613689680609000
240613702515167000
240613757020155000
240613878780817000
240613920686100000
240613958304804000
240614017117347000
240614105076092000
240614201515708000
240614214220275000
240614247619502000
240614260357623000
240614335636992000
240614419678261000
240614444709838000
240614457598943000
240614562154549000
240614621168422000
240614641955393000
240614759374917000
240614872562409000
240614885254365000
240614893567475000
240614977503895000
240614985800237000
240615053135605000
240615061440319000
240615120298971000
240615195624480000
240615212334600000
240615266835382000
240615279300857000
240615325727596000
240615472599552000
240615539582586000
240615543953039000
240615594246955000
240615648605118000
240615661053833000
240615774274850000
240615958987812000
240615963177938000
240616017779359000
240616038872522000
240616055314202000
240616068136185000
240616101749334000
240616151841918000
240616164500320000
240616210717360000
240616244347277000
240616244145975000
240616307064713000
240616365671727000
240616374387503000
240616386597117000
240616411851014000
240616437016838000
240616449742348000
240616474799136000
240616475075948000
240616521146179000
240616554675462000
240616587927891000
240616592474525000
240616638637023000
240616642726490000
240616672141139000
240616692785479000
240616705766871000
240616722351136000
240616839925874000
240616869114028000
240616869235679000
240616894279847000
240616990841135000
240617124861722000
240617133564895000
240617171095519000
240617288573804000
240617372321472000
240617376859684000
240617380747821000
240617384921165000
240617439585525000
240617511060656000
240617565339140000
240617599019388000
240617611413577000
240617691428311000
240617695622594000
240617728841486000
240617821170712000
240617863252176000
240617871716261000
240617888220839000
240617896605274000
240617913701265000
240617951429029000
240617955392618000
240618022656679000
240618076960333000
240618098141569000
240618131586945000
240618341264396000
240618395828105000
240618475519881000
240618496625627000
240618609938939000
240618639332614000
240618710270869000
240618735793209000
240618907432534000
240618928387289000
240618970544234000
240619100425031000
240619133996257000
240619134277267000
240619167663927000
240619343875031000
240619356483108000
240619465404973000
240619515866669000
240619603817009000
240619607872901000
240619629083512000
240619666718990000
240619670846189000
240619708838211000
240619712747294000
240619775997382000
240620006403080000
240620010517700000
240620077857259000
240620279120924000
240620325266653000
240620417566515000
240620430266880000
240620480233627000
240620560340631000
240620585284153000
240620602149462000
240620606075334000
240620673330991000
240620686001983000
240620694470283000
240620719342501000
240620778079531000
240620866365452000
240620870681391000
240620950289256000
240621034166972000
240621080392392000
240621147316686000
240621159866068000
240621163909378000
240621231186010000
240621310747750000
240621319211847000
240621332000288000
240621365290496000
240621369598038000
240621378154418000
240621394726113000
240621420126806000
240621424094633000
240621441014439000
240621495334866000
240621524653064000
240621545901408000
240621550183780000
240621663383871000
240621696812457000
240621835027374000
240621852043665000
240621906439593000
240621939973038000
240622153848979000
240622179224539000
240622220882370000
240622233725321000
240622254445191000
240622288100274000
240622313316421000
240622334266986000
240622384602824000
240622388801323000
240622443482476000
240622443461505000
240622476994961000
240622560717467000
240622606968045000
240622623913017000
240622673858789000
240622686684975000
240622690703126000
240622694922608000
240622703441223000
240622741097697000
240622795875303000
240622803995488000
240622816553226000
240622841798725000
240622850116050000
240622850350911000
240622871255322000
240622896215650000
240622967468466000
240623110095773000
240623123043610000
240623126961090000
240623189984698000
240623269500309000
240623294821302000
240623315830571000
240623340920901000
240623395346214000
240623429190033000
240623445870792000
240623449951838000
240623462752845000
240623517245251000
240623521280163000
240623537889611000
240623542469791000
240623563437113000
240623580122066000
240623580214337000
240623592495255000
240623622086074000
240623625961627000
240623626133598000
240623664037515000
240623680873455000
240623701752705000
240623730953449000
240623731024728000
240623831839027000
240623890450239000
240623915494436000
240623961866653000
240624041306771000
240624070796914000
240624079336513000
240624083279175000
240624083400810000
240624099980873000
240624104376504000
240624104452018000
240624150375440000
240624229987540000
240624263659417000
240624271968313000
240624293023719000
240624334895456000
240624339110731000
240624393926111000
240624464931475000
240624490021793000
240624540693188000
240624548851101000
240624557231329000
240624569713557000
240624603595149000
240624611732094000
240624670385266000
240624699741184000
240624733496963000
240624762911596000
240624829806571000
240624867639193000
240624875985833000
240624888526802000
240624905601810000
240625031112163000
240625094093856000
240625110770384000
240625119251271000
240625119347761000
240625127937687000
240625140394778000
240625169729716000
240625219826487000
240625236658229000
240625257873031000
240625291364532000
240625316639412000
240625316391956000
240625345886294000
240625404543647000
240625417235623000
240625467282055000
240625526287523000
240625580616323000
240625597620043000
240625647972675000
240625668927389000
240625681569026000
240625731573518000
240625861534035000
240625920388505000
240625970581733000
240626017079799000
240626016731676000
240626062885781000
240626075711971000
240626188945600000
240626193005686000
240626201356554000
240626214107234000
240626226442670000
240626415500918000
240626444621996000
240626461466300000
240626474112143000
240626474233774000
240626474112126000
240626553648709000
240626578911006000
240626604072636000
240626684003487000
240626729931112000
240626755080167000
240626826295259000
240626847312924000
240626868548681000
240626918578323000
240626939608571000
240627090788061000
240627103261921000
240627107473002000
240627107619815000
240627187307401000
240627287907766000
240627296225095000
240627304680796000
240627329699807000
240627443034099000
240627476462698000
240627573191753000
240627623305281000
240627648605327000
240627698848919000
240627698815365000
240627803513561000
240627820630523000
240627845607612000
240627891879157000
240627912947154000
240627975807176000
240628076525023000
240628084771016000
240628235879202000
240628269307801000
240628281936846000
240628281718747000
240628424576737000
240628500007096000
240628521091883000
240628537726472000
240628705377009000
240628730559623000
240628759852617000
240628759865225000
240628873254031000
240628877259583000
240628902446379000
240628915272556000
240628919387172000
240629028636213000
240629032721473000
240629049528029000
240629133351190000
240629204637601000
240629254906314000
240629275710066000
240629301194678000
240629321859993000
240629372476858000
240629472947224000
240629477263175000
240629523325014000
240629544242016000
240629586201829000
240629586302472000
240629598847639000
240629657467224000
240629733040201000
240629741609185000
240629745757327000
240629766649176000
240629816758521000
240629854536601000
240629858735095000
240629888455938000
240629926078844000
240629959410982000
240629976532127000
240630076935376000
240630152479010000
240630198473736000
240630274269011000
240630328664936000
240630345526046000
240630353960767000
240630366258470000
240630404007198000
240630404351156000
240630463088189000
240630467022426000
240630530100576000
240630559485870000
240630664360235000
240630676867649000
240630723017601000
240630773273722000
240630848611815000
240630886666735000
240630962143260000
240631049934237000
240631079302725000
240631150740135000
240631176048541000
240631184252620000
240631297398157000
240631297586917000
240631326863151000
240631339672563000
240631393862967000
240631444165238000
240631490621341000
240631632913125000
240631637384237000
240631649958760000
240631662638137000
240631695836069000
240631784046489000
240631788463067000
240631792594477000
240631918348075000
240631939164413000
240631939344785000
240632027492253000
240632027530002000
240632039857065000
240632086116048000
240632211857096000
240632274830372000
240632283185422000
240632291796332000
240632291737628000
240632392124092000
240632400701427000
240632404824432000
240632480187686000
240632480351256000
240632488794406000
240632513897324000
240632551822204000
240632555739684000
240632581060702000
240632593723293000
240632618826227000
240632736371593000
240632753010376000
240632828390424000
240632895633498000
240632907973156000
240632912280698000
240632920946126000
240632941590491000
240632987929153000
240633000390451000
240633038374060000
240633042404798000
240633180841996000
240633294071398000
240633302325813000
240633335972499000
240633365475250000
240633369476608000
240633373889003000
240633394524991000
240633415563632000
240633482974486000
240633524783308000
240633533121589000
240633608560324000
240633675690176000
240633747207254000
240633797559861000
240633805541634000
240633810075656000
240633826609618000
240633864547086000
240633868674281000
240633902136442000
240633940099084000
240633956859514000
240633973427019000
240633981819838000
240633986022506000
240633998601228000
240634107917381000
240634183385501000
240634187332325000
240634200166912000
240634275404320000
240634296329723000
240634300528201000
240634502026760000
240634543772692000
240634552442314000
240634573183123000
240634598638370000
240634720004739000
240634766339239000
240634770604826000
240634879388295000
240634900468883000
240634959327547000
240635068186509000
240635106040086000
240635164714213000
240635194103713000
240635303038177000
240635412354330000
240635424857534000
240635470709682000
240635487503671000
240635538070196000
240635559113007000
240635567505829000
240635575927967000
240635592633884000
240635651438047000
240635768798859000
240635844023697000
240635848482226000
240635936348729000
240635978199474000
240636024701714000
240636037196546000
240636108227104000
240636271909826000
240636280331980000
240636288850591000
240636313987067000
240636377052610000
240636414692302000
240636452407496000
240636464965222000
240636544602472000
240636578098196000
240636594980261000
240636628610199000
240636641272807000
240636653604044000
240636695551299000
240636749976580000
240636796084568000
240636809003008000
240636821242011000
240636968441102000
240637030973988000
240637051970654000
240637073013481000
240637085562839000
240637098154143000
240637123315781000
240637152717852000
240637194727993000
240637249212014000
240637253582479000
240637274382016000
240637324935958000
240637379369652000
240637404317372000
240637425565704000
240637438173782000
240637551227056000
240637563818344000
240637589198086000
240637647561818000
240637660283146000
240637694017933000
240637698073837000
240637765107195000
240637769196634000
240637790268841000
240637945474863000
240637945625845000
240637966370873000
240638087997321000
240638184747311000
240638188643835000
240638259967950000
240638281228881000
240638352213278000
240638364783616000
240638427920470000
240638511957540000
240638566340894000
240638570413559000
240638578655367000
240638578743463000
240638620782968000
240638725619605000
240638742287765000
240638746486243000
240638784318894000
240638788412522000
240638792598433000
240638821966958000
240638830368149000
240638876551618000
240638910307393000
240638918775689000
240638922953211000
240638947871584000
240639048765546000
240639065450500000
240639082173190000
240639094844166000
240639178637967000
240639186967863000
240639258275237000
240639291905155000
240639316949360000
240639321315635000
240639346368192000
240639371760525000
240639489029066000
240639644012802000
240639685980979000
240639698622619000
240639786803687000
240639820513288000
240639862519255000
240639900184096000
240639962909917000
240640000784494000
240640017679126000
240640051162275000
240640071827615000
240640105470111000
240640113997148000
240640134951890000
240640143533428000
240640147383791000
240640164148428000
240640164169388000
240640181072433000
240640189402345000
240640223049031000
240640231483777000
240640256406335000
240640273498116000
240640331937361000
240640349062705000
240640424446922000
240640428704153000
240640470471032000
240640487277604000
240640495632654000
240640529279381000
240640596350488000
240640655129468000
240640772339273000
240640814458499000
240640843931873000
240640868925706000
240640894229942000
240640927503380000
240640948554575000
240640969643536000
240640969723219000
240641112329564000
240641120550404000
240641225634500000
240641242042613000
240641351505563000
240641368068870000
240641401690402000
240641435022528000
240641435332907000
240641477099790000
240641506556407000
240641510687784000
240641510536777000
240641560994250000
240641607018348000
240641657467441000
240641661619814000
240641687033094000
240641753974190000
240641804150648000
240641825260593000
240641833699512000
240641846102065000
240641850493505000
240641892352659000
240641930227240000
240641972195442000
240641971964764000
240642051711070000
240642106065047000
240642106341871000
240642110364213000
240642169055092000
240642186058817000
240642202848604000
240642219630022000
240642269760323000
240642286462042000
240642299292442000
240642383203692000
240642387343466000
240642403999035000
240642462970945000
240642538434863000
240642542327177000
240642546701840000
240642555073667000
240642563470680000
240642618151817000
240642680894414000
240642718471184000
240642789765963000
240642798523658000
240642827665670000
240642894959087000
240642974407593000
240642974516670000
240643045966630000
240643074961842000
240643175709016000
240643196835745000
240643289026547000
240643297553563000
240643322731966000
240643335340052000
240643364574339000
240643410527133000
240643435902664000
240643465275383000
240643494396444000
240643595072307000
240643620275896000
240643742246256000
240643763138072000
240643821749301000
240643825738076000
240643888996564000
240643893232816000
240643922337099000
240643934915813000
240643939382734000
240643939231744000
240643943560261000
240644060929482000
240644110946537000
240644161349488000
240644220392701000
240644224490561000
240644228567416000
240644253720653000
240644266249056000
240644278920028000
240644295810494000
240644312294113000
240644312470265000
240644325065760000
240644329461395000
240644345898868000
240644476006170000
240644484512227000
240644484382224000
240644589264961000
240644639655337000
240644677466980000
240644794630668000
240644853627764000
240644861806653000
240644916307456000
240644937362845000
240644945738887000
240644958518927000
240644966915907000
240644992157233000
240644996347342000
240645013065838000
240645042417577000
240645122155507000
240645126052003000
240645130300846000
240645163737821000
240645193261522000
240645218347667000
240645222567120000
240645407212974000
240645407271686000
240645495406592000
240645495264010000
240645495192698000
240645495163351000
240645499382796000
240645520513712000
240645587341557000
240645600113225000
240645633638297000
240645633583771000
240645637929046000
240645641880104000
240645688139067000
240645721634791000
240645725904580000
240645726030422000
240645772264214000
240645780506046000
240645814245023000
240645830699266000
240645843332517000
240645902296027000
240645944138420000
240645986131775000
240646019384221000
240646065639026000
240646074220560000
240646115966459000
240646116079702000
240646158173753000
240646157968240000
240646170723106000
240646179141070000
240646229112000000
240646233390215000
240646233545383000
240646258719592000
240646288176193000
240646333923471000
240646338377830000
240646346766417000
240646531173199000
240646547937845000
240646564736036000
240646615248035000
240646652849971000
240646703064154000
240646719946256000
240646828914274000
240647156191604000
240647197987840000
240647273619533000
240647277931278000
240647294695907000
240647307366916000
240647340703236000
240647369941716000
240647378535841000
240647382549794000
240647504423682000
240647596564152000
240647600884314000
240647625903329000
240647777112178000
240647810540773000
240647831440990000
240647848264359000
240647852446060000
240648053730705000
240648116821426000
240648221628723000
240648255204098000
240648255237668000
240648292764114000
240648401841180000
240648406169690000
240648511106994000
240648548906070000
240648682918248000
240648724743864000
240648922031353000
240649089673474000
240649110871482000
240649118945509000
240649169478508000
240649232200122000
240649270137602000
240649328769761000
240649399980670000
240649433572835000
240649492452474000
240649592939610000
240649618390646000
240649626506649000
240649630898085000
240649702318678000
240649714691870000
240649765166141000
240649945286336000
240649983282511000
240649995794141000
240650008381243000
240650033433817000
240650071136428000
240650071178358000
240650092326035000
240650096302247000
240650100580442000
240650104988655000
240650134067740000
240650142720614000
240650146742939000
240650150844960000
240650172072341000
240650196986519000
240650218247446000
240650238866636000
240650247276220000
240650331162308000
240650339659960000
240650394366267000
240650427782287000
240650436107960000
240650444655968000
240650444660174000
240650457255641000
240650457184366000
240650465501655000
240650469582704000
240650482132082000
240650482438266000
240650515933974000
240650520019218000
240650524226105000
240650528554622000
240650532446937000
240650536771264000
240650536905494000
240650540885876000
240650557830881000
240650578953371000
240650595734781000
240650620770598000
240650620837695000
240650633122820000
240650650122342000
240650658351558000
240650666937290000
240650675330088000
240650733765132000
240650738114625000
240650767378288000
240650784201637000
240650797048803000
240650821853933000
240650822122369000
240650880838426000
240650880913911000
240650922538176000
240650947901136000
240650948031176000
240650951978016000
240650968914620000
240650981245849000
240650981375868000
240650989730942000
240651065249382000
240651098677968000
240651107179827000
240651132215652000
240651140994330000
240651207822147000
240651216386924000
240651266747928000
240651291603398000
240651337812037000
240651371471335000
240651447014940000
240651467961278000
240651468019990000
240651489008291000
240651510059528000
240651526547320000
240651535095312000
240651543303565000
240651585447944000
240651585447919000
240651631606247000
240651635771207000
240651639952904000
240651656654643000
240651669426298000
240651803614658000
240651828595933000
240651849693270000
240651849634570000
240651853849829000
240651854013415000
240651858136412000
240651874850701000
240651904198266000
240651942030880000
240652076202487000
240652088684732000
240652093113909000
240652109844975000
240652130699059000
240652168544268000
240652185195667000
240652201813479000
240652302447419000
240652306620764000
240652361218019000
240652394961199000
240652416062742000
240652428456914000
240652461860323000
240652588024991000
240652638285348000
240652654940930000
240652654890586000
240652705100611000
240652718014865000
240652717981323000
240652721999466000
240652785140506000
240652839494508000
240652877054496000
240652877272600000
240652881567559000
240652902614589000
240652902341955000
240652944356306000
240652990309093000
240653007396696000
240653095519010000
240653103555280000
240653120617721000
240653179409268000
240653233729703000
240653283994259000
240653426676097000
240653431025573000
240653489758433000
240653544120803000
240653582003736000
240653707627356000
240653720105398000
240653762312691000
240653770629984000
240653774857830000
240653783137415000
240653829371215000
240653854402813000
240653879484760000
240653908870045000
240653967854542000
240653988930936000
240654043184259000
240654097768927000
240654110364413000
240654131256246000
240654164898758000
240654185803177000
240654194296627000
240654227947532000
240654244691210000
240654244716367000
240654320138342000
240654336886206000
240654374500704000
240654550921523000
240654576041213000
240654576070561000
240654630529421000
240654664054472000
240654689107075000
240654793968873000
240654802495873000
240654860960276000
240654865272020000
240654890483990000
240654961854271000
240654970238664000
240655100211757000
240655205216174000
240655414629392000
240655515296878000
240655540655644000
240655557365735000
240655582435110000
240655590836289000
240655783866552000
240655901315432000
240655905451040000
240655913936097000
240655918025564000
240655951848435000
240655993577553000
240655997771841000
240656001810968000
240656266123415000
240656328991834000
240656501285470000
240656614431014000
240656647813472000
240656727480102000
240656878676369000
240656941649649000
240657008838197000
240657012772462000
240657029440626000
240657159640203000
240657201553866000
240657230746238000
240657243509493000
240657293849538000
240657318855970000
240657369477046000
240657436304896000
240657482396102000
240657541107941000
240657558061342000
240657612742483000
240657671433367000
240657809954467000
240657847585746000
240657897883840000
240658015274016000
240658027898863000
240658128390213000
240658166130556000
240658195771711000
240658313098981000
240658355021037000
240658443214663000
240658447320887000
240658455537524000
240658484901863000
240658497405059000
240658564656549000
240658573154209000
240658593949573000
240658598286471000
240658606737985000
240658631719256000
240658682084462000
240658698882650000
240658824774709000
240658833159110000
240658891799683000
240658938016706000
240659017536507000
240659038516420000
240659051376156000
240659055478190000
240659118199828000
240659135090278000
240659143332093000
240659218884079000
240659378221506000
240659399406911000
240659415970222000
240659470756216000
240659692928499000
240659873153556000
240659898491338000
240659919362199000
240659944662245000
240659986794049000
240660053533798000
240660120621703000
240660141903585000
240660141974908000
240660141916164000
240660292600741000
240660473052278000
240660494267056000
240660519424520000
240660540110807000
240660552857317000
240660565519908000
240660665902174000
240660682637463000
240660695379742000
240660703839666000
240660712282808000
240660737205354000
240660749901508000
240660863386783000
240660867413315000
240660867555917000
240660875759980000
240660934480232000
240660955548246000
240661039170064000
240661089564639000
240661228198973000
240661311812407000
240661316015120000
240661362399932000
240661379156148000
240661547045752000
240661647646142000
240661701970755000
240661857386524000
240661861551448000
240661941255815000
240662113046122000
240662180054302000
240662314255282000
240662410971709000
240662444484202000
240662498980790000
240662549144674000
240662616614268000
240662675275776000
240662679289753000
240662696192798000
240662700248678000
240662725661954000
240662796604436000
240662817718534000
240662842985029000
240662901743038000
240662910186180000
240662943593803000
240663027572146000
240663027630891000
240663039915986000
240663073441071000
240663165824815000
240663178382569000
240663203468701000
240663308368216000
240663333789892000
240663342237249000
240663426026852000
240663459614818000
240663501599805000
240663555899265000
240663560039067000
240663610676891000
240663652393443000
240663719686836000
240663794957811000
240663883176615000
240663920711446000
240663962654498000
240663971227643000
240664004769492000
240664050873270000
240664180842176000
240664180733145000
240664185091026000
240664193529946000
240664264694697000
240664403136090000
240664457733341000
240664470169468000
240664474611220000
240664571067645000
240664793197985000
240664877155364000
240664969417461000
240664977608953000
240664994474250000
240665036404699000
240665078624567000
240665124518633000
240665170714689000
240665216826884000
240665275693928000
240665346841931000
240665376407572000
240665384502571000
240665388772380000
240665464202747000
240665581920063000
240665682377854000
240665753622310000
240665762111565000
240665795565338000
240665908769603000
240665996996796000
240666013920813000
240666223451463000
240666231827480000
240666299154436000
240666328371982000
240666353701380000
240666366099722000
240666596715143000
240666651413069000
240666655456362000
240666705934835000
240666982742118000
240667033019232000
240667066720464000
240667154544992000
240667171225743000
240667209217765000
240667221800660000
240667444186869000
240667477820993000
240667481755242000
240667527984852000
240667582674378000
240667607571783000
240667615889080000
240667666493349000
240667670373101000
240667674902921000
240667943254511000
240668064943833000
240668077392556000
240668106769457000
240668262063542000
240668408813854000
240668450744320000
240668509271646000
240668580683841000
240668857352736000
240668861714792000
240668987430674000
240669004488921000
240669046142558000
240669109103255000
240669138425618000
240669138454990000
240669163822120000
240669314917756000
240669373629624000
240669385952485000
240669428147175000
240669469909860000
240669482572476000
240669515845861000
240669738357882000
240670002607452000
240670006625591000
240670094768885000
240670145314430000
240670149416452000
240670157754728000
240670262524276000
240670296221290000
240670400965648000
240670476370841000
240670535137251000
240670585519239000
240670644465967000
240670694474670000
240670728238804000
240670757426982000
240670812254924000
240670917104119000
240670967154753000
240671021999484000
240671076248596000
240671135015006000
240671239755165000
240671260936392000
240671436992303000
240671441144668000
240671441211760000
240671445271867000
240671445263454000
240671445284442000
240671445586411000
240671470542536000
240671491698614000
240671512619794000
240671608937779000
240671634208460000
240671688646348000
240671688839270000
240671701099216000
240671739049308000
240671797719228000
240671844003377000
240671889964548000
240672091513450000
240672279921565000
240672670130249000
240672708025782000
240672737272672000
240672766561488000
240672934539169000
240672951312195000
240673181965357000
240673244905099000
240673249015500000
240673316183101000
240673379080863000
240673387343663000
240673412719198000
240673559490469000
240673672778637000
240673706073006000
240673726952251000
240673731205275000
240673748213178000
240673953738276000
240673966212136000
240674087641415000
240674092087377000
240674117374865000
240674272538935000
240674775586967000
240674867987492000
240674897158889000
240675090084294000
240675111060008000
240675358607802000
240675421543333000
240675484491468000
240675484504047000
240675480255221000
240675639735234000
240675941909680000
240675991951929000
240676042405187000
240676042451337000
240676059241123000
240676163868061000
240676205764943000
240676218503065000
240676285565763000
240676340171436000
240676390335291000
240676415710846000
240676428138569000
240676482781954000
240676491367702000
240676512343392000
240676579175432000
240676604269965000
240676612910219000
240676642236805000
240676776337096000
240676860097359000
240676969488973000
240677019640266000
240677095217455000
240677145603620000
240677246019440000
240677434691821000
240677615197892000
240677619488653000
240677644784500000
240677883490742000
240678126915579000
240678336777576000
240678340724420000
240678370206167000
240678445749784000
240678680513351000
240678894640959000
240678911187501000
240678923673948000
240678923871068000
240678923762012000
240679020474290000
240679137583448000
240679318001418000
240679326465548000
240679376788795000
240679548642013000
240679653717725000
240680098309763000
240680211497250000
240680215582502000
240680253561917000
240680383509831000
240680471481180000
240680567832715000
240680886977318000
240681008389816000
240681331275747000
240681423713996000
240681583105945000
240681692015247000
240681826191020000
240681901915000000
240682006562869000
240682052918321000
240682233281802000
240682669472616000
240682849542496000
240683055268888000
240683118254780000
240683143340912000
240683323490435000
240683357262970000
240683394835546000
240683394814578000
240683424480915000
240683541623631000
240683587769356000
240683676004913000
240683759878418000
240683864677310000
240683906578395000
240684112225124000
240684166826557000
240684544313929000
240684695384367000
240684858890936000
240685014130499000
240685026499493000
240685080979337000
240685215259971000
240685387218030000
240685471070576000
240685596866117000
240685714247929000
240685752151851000
240686062563905000
240686234534559000
240686721140944000
240686842637340000
240686918013173000
240687014771585000
240687056467140000
240687207646633000
240687262302625000
240687320666370000
240687425670770000
240687681632358000
240687824247074000
240688076031143000
240688100962095000
240688151193083000
240688247787905000
240688323511861000
240688365412941000
240688402985545000
240688432391802000
240688600176525000
240688830909382000
240688998446686000
240689011100889000
240689023851565000
240689145528320000
240689439087677000
240689841719898000
240689883692298000
240689958992633000
240690022167228000
240690051514777000
240690131139444000
240690281995968000
240690617775181000
240690743394574000
240690810360848000
240691066351808000
240691209050419000
240691213060161000
240691347282075000
240691401841582000
240691569496297000
240691657870303000
240691674454585000
240691863160508000
240691917891985000
240691926154743000
240692031188500000
240692073077039000
240692245173518000
240692589018349000
240693008322924000
240693234639179000
240693348195782000
240693352130048000
240693385705439000
240693549270716000
240693637338517000
240693700462772000
240693901596430000
240693989647474000
240694035818369000
240694161794293000
240694765782450000
240695294327668000
240695659039178000
240695684305678000
240695747023097000
240695902329765000
240696221289836000
240696363841638000
240696460465807000
240696472662855000
240696481370230000
240696519089594000
240696519026688000
240696934334095000
240696955087503000
240697357841362000
240697714315251000
240697865159192000
240697865175961000
240697865196957000
240697865268240000
240697865205317000
240697865213722000
240697865247285000
240697865280835000
240697865272446000
240697865331175000
240697865389895000
240697865192747000
240697865444405000
240697865377292000
240697869684862000
240697928426090000
240697928447045000
240697936722403000
240698435676827000
240698553155076000
240698918126616000
240698955825045000
240700126245560000
240700381888393000
240700709178310000
240700788983336000
240700956524826000
240700977441820000
240700998669176000
240701044714242000
240701220937932000
240701434637733000
240701611045953000
240701812041199000
240702080430514000
240702357279744000
240702474997092000
240702944545214000
240703087315144000
240703414332440000
240703565230927000
240703590489018000
240703661787983000
240704177649614000
240704765103853000
240704823815720000
240705914267660000
240706123777314000
240706400899190000
240706493064822000
240706904089833000
240706924906160000
240706967159582000
240707235611815000
240707814442536000
240708007351177000
240708300742750000
240708594268516000
240709093642366000
240709760436023000
240709794011418000
240710192411594000
240710192461930000
240710192474488000
240710192491286000
240710192575180000
240710192440938000
240710498528669000
240710641185349000
240711484143960000
240711651995815000
240711740072030000
240712343980482000
240712520392925000
240712935603843000
240713753446993000
240714722255728000
240716190132084000
240716303344734000
240716437776388000
240716467136507000
240716999674720000
240717352096911000
240717830188830000
240718765485092000
240719222697783000
240719327630852000
240719784684171000
240720351003283000
240720732529778000
240720770408525000
240720900511633000
240721085027454000
240721223317864000
240721449906741000
240721588419428000
240721751779180000
240721839901523000
240721839998005000
240721844129394000
240721848172679000
240721969849458000
240722318261886000
240722351543709000
240722381239382000
240723286827339000
240723467538927000
240723534584877000
240724700479778000
240724788606283000
240724847406227000
240725463742439000
240725854009819000
240726617146679000
240726617217966000
240727590388760000
240728060293431000
240728512963686000
240729071133278000
240729138145669000
240729607953862000
240731432211845000
240731440709525000
240731474188439000
240731541238607000
240731776375459000
240731784889892000
240731797170835000
240732078092730000
240732279746478000
240732296276234000
240732409736339000
240732472747384000
240732510441586000
240732547863158000
240732783121674000
240732786959454000
240732829066067000
240732879569682000
240733433138122000
240733873544253000
240734188104466000
240734355717251000
240734791866122000
240735807042899000
240735807030304000
240736306190233000
240736826351030000
240736889068457000
240736927098212000
240737375528030000
240738013238415000
240738223125573000
240738327781855000
240738411831521000
240738474800607000
240738566974619000
240738789289521000
240739166466473000
240739191816855000
240739669913006000
240740517154009000
240740663833030000
240741079408852000
240741528094535000
240742312492285000
240742396432879000
240742584895561000
240742681293225000
240742987745865000
240743742443773000
240743952465149000
240744560333029000
240745277642924000
240745294483038000
240745483298017000
240745571281944000
240745663514673000
240746074803945000
240746288491155000
240746947105943000
240747173736751000
240747219593080000
240747475500158000
240748008222908000
240748058395164000
240748368995946000
240748637213323000
240748952033566000
240749098901331000
240749920766795000
240750537472110000
240750583538139000
240750696679481000
240751057687437000
240751753694425000
240751883998863000
240752701640691000
240752911376842000
240753141962919000
240753226155167000
240753905431101000
240753926289371000
240754077573734000
240754333287862000
240754509343760000
240754559813816000
240754710783610000
240755050446741000
240755331469291000
240755679550402000
240756208020115000
240756397032226000
240756778730676000
240757004912693000
240757021983514000
240757361374031000
240757533562765000
240758187979051000
240758263451377000
240758515193499000
240758728876515000
240759223733080000
240759420823408000
240759479795335000
240759857265922000
240759878073847000
240760100384550000
240760478022893000
240760650031316000
240760683480903000
240761585348513000
240761769847566000
240761937334525000
240762218432589000
240762428227457000
240762592040210000
240762621375152000
240763166437560000
240763426371153000
240763611004407000
240763632093364000
240763753606574000
240763783230926000
240763820862218000
240763942450892000
240764273897381000
240764496216477000
240764718170640000
240764831563665000
240764831483969000
240765015978827000
240765196631687000
240765280526163000
240765653735337000
240765871688151000
240765876054405000
240766178094628000
240766182326689000
240766513643134000
240767088095002000
240767411060617000
240767444594089000
240767516136337000
240767738325372000
240768086381322000
240768191373139000
240768426077978000
240768443094269000
240768996448821000
240769030229741000
240769159951175000
240769252511080000
240769256390807000
240769273360965000
240769298438709000
240769378377940000
240769470396780000
240769604656447000
240769772546035000
240769969732870000
240770246313656000
240770582189334000
240770686946275000
240770909353426000
240771035044126000
240771097719623000
240771320005152000
240771345309376000
240771789767204000
240771978661867000
240772201035481000
240772427313995000
240772607937503000
240772742071336000
240772763156086000
240772943565697000
240773086012649000
240773371170803000
240773438258679000
240773538926174000
240773912185679000
240773987771236000
240774008855994000
240774222803259000
240774432489082000
240774432518467000
240774432560390000
240774445063602000
240774533143986000
240774793102753000
240775216798760000
240775216672948000
240775225254498000
240775535347765000
240776244134809000
240776437257355000
240776508547932000
240776512566067000
240776713972371000
240776991052296000
240777003438075000
240777015857393000
240777120777900000
240777343222837000
240777431282225000
240777586605703000
240777691144531000
240777951543717000
240778018665164000
240778110625267000
240778387537399000
240778412866797000
240778425516822000
240778488104230000
240778538419097000
240778618249289000
240778806879735000
240778975008395000
240779050430390000
240779234656784000
240779276876664000
240779314432471000
240779440290922000
240779494858838000
240779591483002000
240779683686400000
240779775709442000
240779893183504000
240779905854480000
240780069621071000
240780136830611000
240780304225271000
240780354603061000
240780476451794000
240780669117165000
240780698766680000
240780723844423000
240780979814416000
240781000802713000
240781009073864000
240781117928660000
240781117953822000
240781147515281000
240781159951376000
240781306647150000
240781600416202000
240781654908628000
240781940247130000
240782086846439000
240782166479499000
240782187790749000
240782288202383000
240782401704439000
240782753971466000
240782770685755000
240782829523439000
240782867301556000
240782959563657000
240782992761577000
240783169039773000
240783177612939000
240783211163185000
240783462875951000
240783483839082000
240783861221556000
240783957644431000
240784062590111000
240784133951995000
240784490241339000
240784616045301000
240784859231047000
240785086021259000
240785203163975000
240785283086426000
240785366817312000
240785488494080000
240785534664990000
240785538985111000
240785585160216000
240785631163322000
240785664772284000
240785769587953000
240786021111980000
240786037813702000
240786046395228000
240786105178415000
240786235075985000
240786516337651000
240786520221560000
240786805597827000
240786931225608000
240787086632943000
240787237560786000
240787313188290000
240787447435362000
240787568776597000
240787568776581000
240787577349742000
240787610795139000
240787661009326000
240787812037849000
240787975863169000
240788017797795000
240788034503712000
240788172731215000
240788336644612000
240788349210722000
240788437249187000
240788462469517000
240788466705772000
240788542060625000
240788579859722000
240788609253380000
240788722264719000
240788751922655000
240788818867920000
240788877718216000
240788894432509000
240788974115893000
240789007431266000
240789045343559000
240789070488428000
240789103992524000
240789158715592000
240789288801955000
240789296783691000
240789313552535000
240789431060140000
240789514933633000
240789645015781000
240789649113636000
240789754067685000
240789779388710000
240789808845312000
240789821193351000
240789875647991000
240789984930582000
240790148550381000
240790177591750000
240790278573789000
240790299499184000
240790337231142000
240790366448672000
240790400158269000
240790618199166000
240790723010629000
240791050329935000
240791075302821000
240791092004536000
240791104864260000
240791121364647000
240791167720116000
240791209432457000
240791301799428000
240791771460808000
240792027267223000
240792111312691000
240792187011469000
240792295706877000
240792321279553000
240792329361969000
240792505581449000
240792627451154000
240792828400250000
240793063390343000
240793176812699000
240793315296043000
240793353011200000
240793445172662000
240793457873006000
240793466001559000
240793478882267000
240793541813620000
240793596238909000
240793738761367000
240793805715042000
240793831199633000
240794015644139000
240794061617901000
240794594546180000
240794954903986000
240795383029178000
240795433113382000
240795592496922000
240795609274134000
240795756162846000
240795949193129000
240795961700524000
240796016406831000
240796078964887000
240796506964230000
240796527755407000
240796527839281000
240796582340091000
240796892680814000
240796968211869000
240797018648354000
240797073266589000
240797102706417000
240797232574640000
240797245128187000
240797257799180000
240797270302400000
240797295665356000
240797404520148000
240797480189579000
240797513811111000
240797580789956000
240797597705596000
240797710951784000
240797714986696000
240797715058028000
240797731898138000
240797807395618000
240797849032474000
240798025474244000
240798037767770000
240798075663294000
240798147071324000
240798201525985000
240798239220195000
240798281129660000
240798587368398000
240798629118476000
240798629156225000
240798855866769000
240798897679790000
240798931221618000
240799153746223000
240799187241938000
240799224835481000
240799287741644000
240799296230924000
240799556047085000
240799564431511000
240799677866459000
240799694865973000
240799791301414000
240799904581156000
240799908460888000
240799916853690000
240799963209154000
240799988433682000
240799996520304000
240800021681946000
240800042804449000
240800122571722000
240800457948274000
240800474721300000
240800542023102000
240800609178095000
240800688685322000
240800961260568000
240801036934197000
240801091426611000
240801217150873000
240801221429059000
240801330535477000
240801338999570000
240801485712158000
240801632613441000
240801645158612000
240801661973581000
240801846145449000
240801888289837000
240801926176980000
240802001733173000
240802190447480000
240802194486603000
240802383314161000
240802588793131000
240802660159213000
240802764748365000
240802832033386000
240802848974180000
240802886697746000
240802945334136000
240802966150467000
240802995489603000
240803117367689000
240803163496652000
240803230265786000
240803284850470000
240803305947799000
240803335282761000
240803335437963000
240803461141254000
240803486126727000
240803540996608000
240803637209747000
240803662576898000
240803666834108000
240803691689566000
240803909797552000
240804065167175000
240804119655366000
240804136428384000
240804144665985000
240804308323536000
240804408877793000
240804710930595000
240804732220866000
240804761266450000
240804908247425000
240804967022202000
240805008986234000
240805134689505000
240805164058046000
240805172266291000
240805176603181000
240805319293423000
240805331708559000
240805348540301000
240805415884042000
240805457512497000
240805516312465000
240805524780744000
240805600240488000
240805751197663000
240805776355119000
240805801562886000
240805818193301000
240805893946605000
240805948292210000
240806011345190000
240806023689023000
240806048900993000
240806212499808000
240806225363738000
240806250500218000
240806262885990000
240806275376611000
240806330053574000
240806481153380000
240806518826606000
240806544168595000
240806648866799000
240806669632823000
240806862667268000
240806992774582000
240807009656635000
240807198261903000
240807273679695000
240807277874008000
240807277987254000
240807282303201000
240807290746335000
240807332659998000
240807516911583000
240807525409234000
240807542412939000
240807567448735000
240807638617698000
240807714337472000
240807760202194000
240807831421456000
240807856658604000
240807865173020000
240807944692838000
240807995192250000
240808053904138000
240808125354090000
240808380858519000
240808389490397000
240808594965147000
240808964206493000
240808980711088000
240809014265528000
240809031084675000
240809119060217000
240809127604006000
240809144288952000
240809144624504000
240809157173862000
240809177948250000
240809194914201000
240809324799197000
240809366905823000
240809501081604000
240809505301082000
240809588839034000
240809597349277000
240809714856914000
240809891013484000
240810054796845000
240810205535928000
240810365145989000
240810373249372000
240810385735831000
240810394325762000
240810444862914000
240810603994836000
240810817963057000
240810859826401000
240810914469781000
240810931070832000
240810952092704000
240810960556802000
240811120108109000
240811174415978000
240811228954509000
240811233224318000
240811258478223000
240811279370031000
240811316997128000
240811367202955000
240811463751655000
240811581125038000
240811644140277000
240811698884321000
240811799438581000
240811958746615000
240811984088616000
240812046701170000
240812097372573000
240812113847791000
240812114112045000
240812286112067000
240812495713996000
240812516727468000
240812592208150000
240812671719596000
240812818587348000
240812831061192000
240812835226144000
240812919263227000
240813015895781000
240813053518692000
240813179318460000
240813204404596000
240813351335251000
240813414413393000
240813430867628000
240813439512084000
240813586077843000
240813624019529000
240813720538841000
240813821248282000
240813842064605000
240813850247700000
240813871294722000
240813993051168000
240814072558391000
240814093798350000
240814098022006000
240814101964664000
240814110504280000
240814143937052000
240814190187646000
240814227886071000
240814290737692000
240814294978158000
240814295204642000
240814379099111000
240814391321305000
240814446048595000
240814488054554000
240814588449402000
240814655637958000
240814764635344000
240815096127963000
240815196929654000
240815200796819000
240815498990862000
240815645464350000
240815691924656000
240815779719806000
240815825899122000
240815993587372000
240816052634787000
240816073446920000
240816085899825000
240816098541465000
240816165813903000
240816220327256000
240816261976707000
240816459188674000
240816534900060000
240816543045386000
240816593452560000
240816610456268000
240816647873626000
240816765410611000
240816782296891000
240816832775323000
240816840878747000
240817076036591000
240817096731262000
240817113718214000
240817209969082000
240817226704363000
240817398624710000
240817415410315000
240817419617189000
240817482745671000
240817591881449000
240817629558870000
240817663142682000
240817667412471000
240817713533026000
240817868562915000
240818006811344000
240818011332829000
240818070015324000
240818145445679000
240818166572412000
240818334139039000
240818472567848000
240818485188509000
240818493723914000
240818573310844000
240818627677388000
240818661185703000
240818661135351000
240818673919594000
240818711580266000
240818833114427000
240818833156341000
240818858586419000
240818866954059000
240818929814077000
240819101784752000
240819160400142000
240819177366102000
240819256877518000
240819324045115000
240819361781260000
240819600722370000
240819609169698000
240819689100554000
240819701310185000
240819785242398000
240819785250779000
240820146095128000
240820175442681000
240820179632795000
240820183776772000
240820225656881000
240820259291021000
240820339041529000
240820381156511000
240820418527760000
240820473250848000
240820594738880000
240820683167395000
240820687265218000
240820724930080000
240820745775759000
240820842248941000
240820846422290000
240820850700472000
240820863123988000
240820867473489000
240820880253530000
240820930337705000
240820997622751000
240821182092439000
240821291203055000
240821312312971000
240821366545342000
240821404411510000
240821417103486000
240821488368898000
240821492647079000
240821509323624000
240821576176644000
240821597454356000
240821614248357000
240821639267373000
240821718782996000
240821723019227000
240821731667890000
240821761082552000
240821823812538000
240821857471844000
240821924320657000
240821991454674000
240822104688320000
240822192936472000
240822222393077000
240822251581222000
240822285299249000
240822314411909000
240822348243156000
240822348041814000
240822385710870000
240822406963425000
240822427700051000
240822675184959000
240822750799876000
240822813655719000
240822939640029000
240822952222924000
240823090332966000
240823161929748000
240823245866168000
240823342339334000
240823425881501000
240823438426644000
240823640147505000
240823715284279000
240823748897431000
240823807592517000
240823908318715000
240823925062385000
240823933551656000
240824076095066000
240824088870924000
240824143296200000
240824348619993000
240824667512897000
240824734844080000
240824743236886000
240824843707219000
240824847930896000
240824864733290000
240824977975283000
240825053539889000
240825082627375000
240825086876217000
240825170787459000
240825267336118000
240825313377001000
240825313418964000
240825418515611000
240825464464228000
240825510505086000
240825590482100000
240825590117171000
240825812784398000
240825917407129000
240825967768137000
240826001435811000
240826001242849000
240826127302664000
240826135510921000
240826156499230000
240826177617526000
240826177340702000
240826177596583000
240826206856044000
240826215336906000
240826244801916000
240826320135798000
240826328486666000
240826433365233000
240826437672775000
240826441711882000
240826521378512000
240826705919500000
240826814879125000
240826840229478000
240826911398457000
240826911427792000
240826911650103000
240827028843147000
240827146283655000
240827188402876000
240827201044504000
240827209210789000
240827381240180000
240827410688376000
240827418905034000
240827435589963000
240827452614656000
240827456695709000
240827469152780000
240827540531453000
240827540523077000
240827557338050000
240827565604995000
240827582537428000
240827582734561000
240827599385923000
240827654088040000
240827834107580000
240827871801782000
240827888633528000
240827909743464000
240827939137130000
240827981218578000
240827997991616000
240828165700849000
240828241236078000
240828333473030000
240828354343874000
240828492567179000
240828534707331000
240828681612820000
240828706526994000
240828744225402000
240828765431791000
240828769617731000
240828786415915000
240828811648851000
240828845031297000
240828866220941000
240828974991831000
240829054759100000
240829079916539000
240829101135499000
240829159453122000
240829159700566000
240829230835961000
240829277162045000
240829344086384000
240829369495461000
240829491138678000
240829516015075000
240829768029839000
240829793111769000
240829818206314000
240829897717723000
240829965111787000
240829994480320000
240830011064594000
240830166094462000
240830199837646000
240830283614679000
240830329747816000
240830396911202000
240830426166484000
240830443065335000
240830460056457000
240830619293188000
240830669633228000
240830837350871000
240830904346505000
240830992426889000
240831042859200000
240831076388458000
240831085020327000
240831093169860000
240831122622271000
240831130935390000
240831215043768000
240831244135444000
240831244152233000
240831273520734000
240831324049518000
240831328013139000
240831349165010000
240831378378350000
240831424628936000
240831428579962000
240831638400008000
240831713905872000
240831713884901000
240831743496708000
240831797846487000
240831844122243000
240832070388178000
240832079041032000
240832183533727000
240832217289465000
240832292992466000
240832322260303000
240832422957170000
240832456570335000
240832548480114000
240832548517859000
240832556898058000
240832590435725000
240832754189742000
240832779263287000
240832855008227000
240832867469500000
240832934637080000
240832972469710000
240832976311705000
240833047967170000
240833139847618000
240833194662961000
240833274417668000
240833311935721000
240833316155187000
240833412821286000
240833463211655000
240833484095115000
240833530035335000
240833618086334000
240833731378704000
240833781605482000
240833945212690000
240833974530875000
240834058442129000
240834075424870000
240834201065226000
240834201153335000
240834389871837000
240834394082906000
240834461229535000
240834578854592000
240834637579030000
240834666783993000
240834721280581000
240834725621690000
240834771465404000
240834775949115000
240834822019354000
240834872153886000
240834901732098000
240834968622862000
240834972779438000
240834993729961000
240835002185695000
240835006556160000
240835010574299000
240835082007486000
240835107332702000
240835136462155000
240835149288325000
240835258092777000
240835279131385000
240835384064499000
240835396697747000
240835455506083000
240835459574554000
240835480663515000
240835492927664000
240835560292368000
240835568588693000
240835669327482000
240835723874426000
240835761409232000
240835853822353000
240835958596067000
240835962672930000
240836004683055000
240836042599591000
240836063390744000
240836088447500000
240836193451929000
240836197717516000
240836226997944000
240836260619485000
240836428328730000
240836474642239000
240836520653750000
240836541801447000
240836575242625000
240836604585967000
240836625423269000
240836655009906000
240836722051661000
240836759699722000
240836784886538000
240836910854049000
240836919175548000
240836952834838000
240836956701986000
240837003002908000
240837003078414000
240837015564865000
240837065942630000
240837070095007000
240837137128374000
240837158246690000
240837221291261000
240837221295468000
240837225309417000
240837254686314000
240837258964500000
240837263121059000
240837267097284000
240837397070376000
240837414006968000
240837510660517000
240837652914524000
240837669775618000
240837766206869000
240837803980771000
240837846028652000
240837854396309000
240837871072866000
240837887845888000
240837900663656000
240837908767064000
240837912999116000
240837950949191000
240837955026030000
240837992682496000
240838018196439000
240838097632382000
240838114476716000
240838206965305000
240838211138646000
240838219254595000
240838244630159000
240838244374298000
240838253060698000
240838261231218000
240838273809932000
240838294957592000
240838349433208000
240838428994969000
240838449932926000
240838449836482000
240838450172002000
240838454274031000
240838475170066000
240838487857831000
240838487690067000
240838537908473000
240838538118172000
240838559060357000
240838626055962000
240838689029238000
240838739578998000
240838806415216000
240838810869587000
240838831610413000
240838869434658000
240838898765410000
240838957447909000
240838986799656000
240838995096002000
240839012204568000
240839016403066000
240839058279002000
240839058119589000
240839095847366000
240839108581277000
240839158875160000
240839196510662000
240839213526941000
240839221777162000
240839242635415000
240839288751804000
240839289007665000
240839351926415000
240839364261851000
240839402287427000
240839423279915000
240839494591463000
240839511096057000
240839582466318000
240839616167567000
240839674866831000
240839704331821000
240839716528865000
240839741925363000
240839838444683000
240839859202310000
240839905406746000
240839943335862000
240839947429507000
240839985186607000
240840035342094000
240840068892352000
240840069013991000
240840085677957000
240840085673758000
240840119341416000
240840132029210000
240840178107813000
240840278683033000
240840282881536000
240840282764107000
240840304066977000
240840387994992000
240840408609980000
240840437982707000
240840446627155000
240840467510599000
240840572481441000
240840626860589000
240840639258976000
240840660486352000
240840681470435000
240840710960582000
240840735916699000
240840740098433000
240840786239950000
240840807085666000
240840811447734000
240840832415064000
240840849133551000
240840895434461000
240840987763675000
240841059054272000
240841088439558000
240841105095139000
240841256220127000
240841348410925000
240841403012354000
240841470049914000
240841482435719000
240841520146698000
240841541353082000
240841717551620000
240841721796247000
240841822329532000
240841822451146000
240841826586742000
240841872648589000
240841910527344000
240841910384746000
240842086600044000
240842086625189000
240842107517038000
240842141075664000
240842182762835000
240842312811438000
240842338044366000
240842342196715000
240842451202473000
240842493304922000
240842547986051000
240842556076879000
240842589992001000
240842610879635000
240842619205332000
240842682086354000
240842694698614000
240842791045955000
240842858180001000
240842908633272000
240842958914592000
240842971606564000
240843001029611000
240843059460456000
240843076489334000
240843076506107000
240843181397274000
240843231347224000
240843240058789000
240843273655164000
240843323852607000
240843386750398000
240843474876907000
240843512457867000
240843524982050000
240843554535112000
240843575275954000
240843600500510000
240843654980321000
240843667554828000
240843793606246000
240843889865551000
240843965463670000
240843994773479000
240844003153694000
240844049383301000
240844208678785000
240844263255072000
240844338907725000
240844389369401000
240844401709039000
240844426770001000
240844506453405000
240844770807779000
240844779188006000
240844796091047000
240844817100316000
240844879708700000
240844888483176000
240844930245853000
240845077046505000
240845081022693000
240845114682007000
240845169207955000
240845211213918000
240845261495222000
240845416642531000
240845450436034000
240845500671217000
240845584649560000
240845588827082000
240845626668113000
240845710508056000
240845714593308000
240845739859800000
240845781836390000
240845827663343000
240845827931779000
240845957812596000
240845966373171000
240845982869377000
240846029161918000
240846037458231000
240846041853865000
240846163341889000
240846188365115000
240846431760572000
240846452937609000
240846486487855000
240846511594930000
240846540690841000
240846607980048000
240846620630061000
240846662304686000
240846868098191000
240846910049619000
240846926755540000
240846998163578000
240847073312919000
240847098822684000
240847119752241000
240847132410671000
240847300044406000
240847346039132000
240847362845704000
240847446861807000
240847455342702000
240847476335210000
240847564394622000
240847572594462000
240847589275217000
240847639661404000
240847648347807000
240847656681869000
240847736293953000
240847736210063000
240847778346053000
240847807337091000
240848004737818000
240848008835629000
240848088565182000
240848122035724000
240848151311958000
240848159847350000
240848172509982000
240848189157154000
240848231175696000
240848281368920000
240848281473798000
240848302428540000
240848331889332000
240848386448846000
240848478543159000
240848491100921000
240848541487071000
240848566589988000
240848583534972000
240848616917458000
240848629630369000
240848650559967000
240848742742376000
240848759544770000
240848772169625000
240848830894047000
240848839467208000
240848864549142000
240848906618032000
240848910552272000
240848969511612000
240848986016206000
240848998896922000
240849095302983000
240849132787470000
240849212596703000
240849283732099000
240849455912476000
240849493812191000
240849589983399000
240849631871909000
240849640306667000
240849703384776000
240849745415909000
240849929722032000
240849942611099000
240850034554441000
240850055479828000
240850055840550000
240850143556009000
240850282085490000
240850319758733000
240850374418907000
240850386934714000
240850462348279000
240850646947999000
240850651268145000
240850688962359000
240850722659385000
240850764665344000
240850797972303000
240850798127493000
240850865093742000
240850890402177000
240851100255793000
240851112767418000
240851200713555000
240851284599640000
240851301230075000
240851309786439000
240851326345555000
240851377058873000
240851427252113000
240851439637913000
240851481606098000
240851506872606000
240851511092051000
240851519665209000
240851548983394000
240851565756428000
240851590775463000
240851640977080000
240851808946376000
240851813031612000
240851855025000000
240851875992317000
240851880392138000
240851884540301000
240851968334131000
240852077360844000
240852148433350000
240852173745971000
240852274556055000
240852324812201000
240852425404190000
240852446509953000
240852446455398000
240852492513062000
240852530312130000
240852551073927000
240852559617748000
240852593373487000
240852609974558000
240852647740071000
240852710470066000
240852878561009000
240852911792455000
240853042130481000
240853046287015000
240853084086104000
240853125962010000
240853142563082000
240853176327237000
240853222166786000
240853293537038000
240853352534122000
240853398730178000
240853465641914000
240853562194817000
240853587117363000
240853591613648000
240853616804630000
240853670978281000
240853780025978000
240853822069690000
240853855766724000
240853956509716000
240854069445529000
240854111459876000
240854174584152000
240854174508654000
240854350514241000
240854396865503000
240854509901975000
240854753431654000
240854979940868000
240855063520751000
240855072068739000
240855076271431000
240855101231742000
240855159972970000
240855281943318000
240855328118411000
240855382547894000
240855399421575000
240855415854862000
240855504098820000
240855512302882000
240855562705850000
240855567185371000
240855567156002000
240855592112103000
240855617483464000
240855642682818000
240855659111923000
240855667471163000
240855684634247000
240855688560119000
240855768163823000
240855780914515000
240855801906991000
240855810182373000
240855890025136000
240855948623769000
240856099778097000
240856309359075000
240856418578751000
240856548606353000
240856565152890000
240856674221568000
240856741452079000
240856820971880000
240856938513068000
240856972281384000
240857026798964000
240857051767656000
240857131346194000
240857194193641000
240857198379540000
240857219351072000
240857253266202000
240857454550851000
240857488138842000
240857575866892000
240857576001126000
240857580182847000
240857597157199000
240857601192103000
240857605529018000
240857638898917000
240857706016153000
240857743882338000
240857760617623000
240857785624051000
240857853018128000
240857873788317000
240857899113529000
240857924061257000
240857957867343000
240858020672847000
240858175753052000
240858188361134000
240858289104093000
240858297316569000
240858327028989000
240858352199016000
240858394016243000
240858494796967000
240858557589909000
240858599390334000
240858674988470000
240858700301078000
240858742101536000
240858821852033000
240858834552381000
240858884816900000
240858918048374000
240858955776139000
240858964185722000
240858989380898000
240858989745803000
240859035631505000
240859073392807000
240859128111702000
240859136395444000
240859165814317000
240859186693545000
240859190699110000
240859199087710000
240859215982379000
240859224282918000
240859291626659000
240859300027842000
240859321053876000
240859383624499000
240859408903589000
240859526293753000
240859555683258000
240859563975401000
240859626948657000
240859627103875000
240859677536186000
240859710880886000
240859807261810000
240859815746879000
240859824030633000
240859987713335000
240860017346101000
240860033913585000
240860071632973000
240860084094259000
240860100984700000
240860247697268000
240860285450203000
240860352601001000
240860365385252000
240860436638085000
240860474181292000
240860511875502000
240860524458409000
240860596004855000
240860604536086000
240860663218597000
240860763718287000
240860780713627000
240860784832417000
240860793137143000
240860855976218000
240860948435456000
240860990223286000
240861086683910000
240861128706629000
240861166514106000
240861187225571000
240861254435086000
240861271396859000
240861288073416000
240861300488548000
240861334030385000
240861409666269000
240861455983996000
240861489228025000
240861502029058000
240861552289382000
240861635986747000
240861690563026000
240861711463239000
240861736905875000
240861791289229000
240861829079912000
240861854044393000
240861854350602000
240861858444230000
240861875083038000
240861883438092000
240861879596093000
240862001172205000
240862131220774000
240862130885242000
240862164741677000
240862198237372000
240862198065418000
240862416420884000
240862420401262000
240862479058628000
240862709715968000
240862747519221000
240862764401324000
240862768641765000
240862793836924000
240862806256275000
240863070627446000
240863116613799000
240863137807601000
240863175292108000
240863200554397000
240863229906153000
240863292933931000
240863309677608000
240863317864894000
240863410244431000
240863431501152000
240863699852726000
240863741619609000
240863813153484000
240863817087717000
240863947035664000
240863951309639000
240863955696877000
240864064853651000
240864106561814000
240864114883313000
240864135917731000
240864140141412000
240864140036550000
240864148521631000
240864152925642000
240864207162204000
240864240896966000
240864375009837000
240864458841403000
240864504907431000
240864626676490000
240864626680688000
240864714572324000
240864727276847000
240864823913615000
240864861628809000
240864870063562000
240864878221475000
240864911926915000
240864911947886000
240864941211537000
240864995779411000
240865100649594000
240865171864686000
240865192978837000
240865280832712000
240865322972876000
240865343776624000
240865381663776000
240865381558935000
240865431865413000
240865432020598000
240865448718135000
240865486622035000
240865490887663000
240865520109375000
240865540988616000
240865553676390000
240865608168775000
240865612174336000
240865629018660000
240865683460734000
240865704742633000
240865759222452000
240865763362209000
240865771645984000
240865801287106000
240865817976254000
240865859617316000
240865876428091000
240865939636224000
240866098755551000
240866098692620000
240866098772316000
240866178426347000
240866258076184000
240866275222507000
240866405082349000
240866413261254000
240866426213261000
240866455246229000
240866455418183000
240866690156613000
240866748822323000
240866757185785000
240866807781679000
240866820498788000
240866837250834000
240866887502807000
240866916959387000
240867034181812000
240867101529759000
240867244077355000
240867273395535000
240867306945798000
240867327967653000
240867466018975000
240867516660989000
240867608696590000
240867621405356000
240867718054690000
240867738707451000
240867826804617000
240867847784525000
240867868709908000
240867893854740000
240867919389663000
240867986272047000
240868015527305000
240868078752251000
240868078504800000
240868087069564000
240868275746119000
240868455971188000
240868456222826000
240868468524720000
240868485490692000
240868544127049000
240868644840685000
240868661437530000
240868674364395000
240868699152736000
240868711840485000
240868716026408000
240868724633128000
240868800155750000
240868888026419000
240869068549279000
240869102200184000
240869131207983000
240869165110542000
240869223822401000
240869286678249000
240869290801258000
240869290658635000
240869340981899000
240869349324369000
240869403992940000
240869454442024000
240869487958704000
240869500264796000
240869508863107000
240869546704138000
240869584146673000
240869626270064000
240869630472777000
240869668414447000
240869706058317000
240869785582329000
240869785649430000
240869852619890000
240869856960978000
240869865165058000
240869898933387000
240869944974258000
240869945104277000
240869991027716000
240869990994173000
240869995222020000
240870083520507000
240870091808464000
240870280782815000
240870305768275000
240870322407096000
240870322650370000
240870490347020000
240870498748227000
240870507271049000
240870565731237000
240870578205118000
240870611847639000
240870687475134000
240870716952698000
240870720962453000
240870796531212000
240870872120971000
240870880484401000
240870884485758000
240870939204661000
240871002098266000
240871010390388000
240871039595339000
240871052224393000
240871077696376000
240871090098933000
240871152900272000
240871182587543000
240871216020324000
240871350170963000
240871371008270000
240871396329275000
240871425827803000
240871459130601000
240871467489849000
240871513836883000
240871526222671000
240871559684845000
240871581025464000
240871610331058000
240871622897180000
240871622872014000
240871622884597000
240871647844900000
240871651942756000
240871677125345000
240871811468886000
240871849104375000
240871916230033000
240871920487256000
240871924731895000
240871941618155000
240871958290522000
240872000153853000
240872000334204000
240872025227415000
240872046207307000
240872067472441000
240872075970113000
240872155578003000
240872201774059000
240872214197579000
240872482708525000
240872524701892000
240872570872803000
240872574886756000
240872587293515000
240872625285517000
240872658747678000
240872684123205000
240872734140280000
240872755183095000
240872776385323000
240872801370791000
240872801463070000
240872847390699000
240872906094178000
240872960653664000
240872977632227000
240872989963468000
240873061291798000
240873074193469000
240873086747045000
240873153633583000
240873212404191000
240873342536667000
240873342310170000
240873384299347000
240873401252724000
240873430478618000
240873577275064000
240873581351952000
240873581620387000
240873593934848000
240873640411947000
240873753666547000
240873753368727000
240873824869023000
240873925603639000
240873938144595000
240873984336482000
240874017807032000
240874017588916000
240874109901344000
240874164347629000
240874164662190000
240874168852312000
240874176922136000
240874227547394000
240874239928987000
240874252583186000
240874311311835000
240874349119303000
240874445374386000
240874470758313000
240874512504197000
240874592183390000
240874596675514000
240874655337037000
240874701218537000
240874726505979000
240874877488332000
240874894374625000
240874940683931000
240874986779316000
240875032673390000
240875045264695000
240875053548462000
240875099832582000
240875238282366000
240875276140163000
240875288551104000
240875364300255000
240875368108654000
240875448043724000
240875519111999000
240875519183319000
240875523545374000
240875548581167000
240875640990072000
240875796019953000
240875821391298000
240875888525340000
240875951263715000
240876039205699000
240876165018054000
240876203135885000
240876232454066000
240876291140771000
240876320362467000
240876391753723000
240876442194427000
240876454743793000
240876454538268000
240876484011622000
240876509336834000
240876559660093000
240876563657289000
240876567922896000
240876580241547000
240876647413317000
240876676878323000
240876794385928000
240876857451499000
240876869992448000
240876899151269000
240876903433633000
240876928716922000
240876932730871000
240876974862630000
240876974741008000
240877020924477000
240877025009745000
240877037475217000
240877100716933000
240877108757417000
240877239145750000
240877243172270000
240877293575233000
240877461112492000
240877473833828000
240877478065868000
240877520138928000
240877549163520000
240877570130845000
240877578695630000
240877599700709000
240877645892562000
240877675101712000
240877687617503000
240877712770736000
240877763354034000
240877767258947000
240877775941152000
240877847164641000
240877964475129000
240878035946045000
240878073816440000
240878132163391000
240878178376245000
240878270856445000
240878283443548000
240878291626627000
240878312602361000
240878438678937000
240878631423987000
240878652500357000
240878656694669000
240878686189006000
240878690215555000
240878690072944000
240878740635254000
240878791004651000
240878820197015000
240878887452692000
240878912689815000
240878996483620000
240879067698704000
240879155749720000
240879172434677000
240879243746222000
240879277439057000
240879285630533000
240879340261355000
240879382405713000
240879449413931000
240879461791326000
240879587792396000
240879612832411000
240879625465651000
240879654674767000
240879663461838000
240879722035306000
240879755694600000
240879793166495000
240879902340046000
240880019642126000
240880095114436000
240880217088987000
240880376489320000
240880451844202000
240880518797856000
240880523264794000
240880565157507000
240880573411909000
240880619675078000
240880653170782000
240880749551693000
240880808406159000
240880825011417000
240880825116274000
240880846222016000
240880854346366000
240880854354780000
240880896423628000
240880913368641000
240880951121563000
240881013675401000
240881034906980000
240881055953981000
240881252754915000
240881328336297000
240881378596618000
240881429171556000
240881559014629000
240881647124373000
240881651197026000
240881756373405000
240881831728254000
240881890498863000
240881932374781000
240882070916841000
240882133554589000
240882217801351000
240882267742945000
240882268040732000
240882313934798000
240882372722176000
240882431501152000
240882435762581000
240882469073731000
240882553295351000
240882565697912000
240882678881202000
240882699785621000
240882699894677000
240882704005091000
240882800667000000
240882880346193000
240883010247987000
240883077558181000
240883127738847000
240883153043091000
240883169514094000
240883320706191000
240883354424184000
240883383641702000
240883417045164000
240883463287341000
240883492676837000
240883522196357000
240883572196651000
240883685749039000
240883698172588000
240883706594734000
240883723472613000
240883744343474000
240883802912743000
240883836706246000
240883891144097000
240883903634763000
240883991601893000
240884063236407000
240884071553708000
240884084019191000
240884159722172000
240884163769679000
240884285513555000
240884339808796000
240884427859849000
240884436508475000
240884495161622000
240884574765326000
240884641987440000
240884708991442000
240884776100319000
240884809700880000
240884856010182000
240884880999849000
240884881050202000
240884914642358000
240884947911589000
240884965036916000
240884998314536000
240885128585433000
240885162139856000
240885166325768000
240885195622981000
240885216640638000
240885283615301000
240885455434969000
240885493414379000
240885786885632000
240885862290817000
240885862420869000
240885866636132000
240886206467035000
240886235797811000
240886252629540000
240886349002067000
240886470477479000
240886499850199000
240886500185739000
240886541986189000
240886567114244000
240886596310806000
240886638484545000
240886659430895000
240886680406609000
240886684378611000
240886714032324000
240886810291601000
240886814527877000
240886843992846000
240886952755339000
240886986498506000
240886995109441000
240887057646505000
240887083047202000
240887091561648000
240887120816898000
240887217311064000
240887255009484000
240887288358387000
240887296927338000
240887322135121000
240887326421700000
240887334629945000
240887343106633000
240887355760836000
240887355546943000
240887355798605000
240887368083730000
240887372500303000
240887376669458000
240887418595704000
240887435284848000
240887460534558000
240887481313153000
240887527450492000
240887535964934000
240887561223036000
240887586384666000
240887615585390000
240887624246636000
240887653589979000
240887666059640000
240887670207836000
240887682715250000
240887682975281000
240887682841071000
240887686758547000
240887699484057000
240887716403884000
240887716403884000
240887729041309000
240887728860979000
240887732950409000
240887800357072000
240887816781967000
240887829746556000
240887833844396000
240887837812211000
240887842245582000
240887858871824000
240887867348504000
240887879742656000
240887884033437000
240887904879124000
240887904904302000
240887913548746000
240887917621440000
240887926244925000
240887993278275000
240888102032392000
240888106188943000
240888123230408000
240888131589664000
240888181841612000
240888182059704000
240888324615720000
240888349680869000
240888378869051000
240888383109484000
240888387458965000
240888462880944000
240888509152501000
240888530149208000
240888597069324000
240888643080843000
240888689448861000
240888727155654000
240888781509648000
240888781652250000
240888798467211000
240888806776123000
240888810857197000
240888815064068000
240888840271839000
240888848777887000
240888857141342000
240888869799739000
240888869854273000
240888878012182000
240888878343548000
240888911608549000
240888911851835000
240888987139575000
240889054311362000
240889146376339000
240889192761159000
240889201170710000
240889297694257000
240889305818603000
240889305994768000
240889335262629000
240889352148893000
240889360650743000
240889360696893000
240889406569971000
240889410642640000
240889465168621000
240889515827417000
240889549054693000
240889578486132000
240889637248307000
240889670840500000
240889708509532000
240889725454544000
240889738020675000
240889775769387000
240889796774469000
240889826017153000
240889847059996000
240889876436877000
240889893197336000
240889939192078000
240889939254976000
240889939460489000
240889989532090000
240889998029766000
240890035874971000
240890048239767000
240890098516885000
240890115264749000
240890148978581000
240890203756179000
240890207812071000
240890216292945000
240890220197863000
240890245409824000
240890258198257000
240890274929332000
240890417556635000
240890446748999000
240890472090972000
240890526616924000
240890538973335000
240890556010602000
240890589430816000
240890593612546000
240890627116654000
240890652290846000
240890677318283000
240890677599297000
240890690157039000
240890698365272000
240890765750976000
240890803516477000
240890887062818000
240890924966756000
240890954163294000
240890971078942000
240891008794099000
240891197785268000
240891205842518000
240891222682660000
240891239602454000
240891281386119000
240891378136141000
240891407131344000
240891424256688000
240891495186583000
240891574911913000
240891642377302000
240891671624175000
240891751450165000
240891805741244000
240891818236059000
240891868576092000
240891885424611000
240891910678511000
240891919050342000
240891960863375000
240892019877220000
240892057252667000
240892065666445000
240892124462194000
240892149590261000
240892153801367000
240892262769389000
240892266972057000
240892300719439000
240892330075365000
240892388795641000
240892397209395000
240892434815516000
240892569293291000
240892577656733000
240892598510841000
240892652944490000
240892716060393000
240892737002541000
240892820607602000
240892841893699000
240892866904338000
240892867093098000
240892967454380000
240892988455256000
240893097817563000
240893135192981000
240893265417748000
240893382984097000
240893508536377000
240893537871335000
240893625939136000
240893642993201000
240893710123020000
240893755996135000
240893756017111000
240893844105867000
240893882135617000
240893940499361000
240894003728498000
240894032878911000
240894095780888000
240894125195542000
240894150445252000
240894226005639000
240894242761895000
240894250861072000
240894263636938000
240894267726364000
240894280225411000
240894292950933000
240894397930151000
240894406071316000
240894469019426000
240894502703869000
240894540410662000
240894565689720000
240894679070146000
240894687391657000
240894725081669000
240894729317912000
240894767003742000
240894842295681000
240894867671224000
240894867658653000
240894871710351000
240895060680527000
240895089860296000
240895115097432000
240895119073624000
240895244990836000
240895261772226000
240895295318261000
240895350112673000
240895358329319000
240895366902476000
240895459193921000
240895526126641000
240895534561386000
240895563854393000
240895601447927000
240895622666932000
240895727285436000
240895727440646000
240895907812478000
240895970525728000
240896092252811000
240896121608740000
240896209806573000
240896222418833000
240896285098512000
240896419534360000
240896478418194000
240896499217727000
240896537117483000
240896574715228000
240896654440546000
240896797168529000
240896834673995000
240897011103178000
240897065490718000
240897132607967000
240897186945175000
240897187150700000
240897228829519000
240897237482369000
240897266838282000
240897270894174000
240897283380633000
240897346492309000
240897459486875000
240897501761261000
240897526746718000
240897577250353000
240897661132230000
240897719886020000
240897858272903000
240897887423303000
240897975470133000
240898063647006000
240898155762302000
240898201891258000
240898315179405000
240898323840655000
240898382535737000
240898382607032000
240898399019339000
240898474764296000
240898487200382000
240898499993030000
240898562643353000
240898621543948000
240898755564556000
240898764104138000
240898826960003000
240898860648644000
240898927694577000
240898944392126000
240898969532760000
240899032627691000
240899040810782000
240899103767277000
240899158435852000
240899259103326000
240899271698817000
240899343144603000
240899384722735000
240899494051471000
240899535952560000
240899795907141000
240899821131681000
240899858716831000
240899867411628000
240899883958145000
240899951213830000
240899955252944000
240899967710023000
240900001411264000
240900043287175000
240900089357418000
240900144160202000
240900164888453000
240900177454583000
240900249001025000
240900257158934000
240900261399379000
240900374532345000
240900387413037000
240900416580231000
240900441762828000
240900458774945000
240900492258074000
240900601096048000
240900618024275000
240900639117410000
240900680754274000
240900689180631000
240900769061142000
240900798438055000
240900815223656000
240900815244627000
240900890704367000
240900982786097000
240901016403443000
240901029175107000
240901033059033000
240901133734920000
240901159269830000
240901179876462000
240901255411662000
240901280573321000
240901301783900000
240901360244101000
240901394037620000
240901469656715000
240901528314068000
240901540901187000
240901570215157000
240901591157321000
240901616205697000
240901716948697000
240901771239759000
240901788277030000
240901796581740000
240901805167476000
240901863585767000
240902077516234000
240902077746917000
240902132289646000
240902165881819000
240902203630555000
240902216205099000
240902228490199000
240902304121901000
240902375513128000
240902383650095000
240902446665314000
240902476130287000
240902585203179000
240902748651012000
240902765470179000
240902769643487000
240902987827015000
240902992134565000
240903021217841000
240903042134851000
240903059054686000
240903134677987000
240903155766931000
240903172229562000
240903214331994000
240903230870155000
240903264420392000
240903272968364000
240903310612262000
240903310872293000
240903314806550000
240903340253401000
240903411548164000
240903423862661000
240903478388613000
240903491114106000
240903537448599000
240903629568086000
240903637881192000
240903654528409000
240903658898853000
240903721926664000
240903730302685000
240903746857598000
240903847810301000
240903893574377000
240903927149764000
240903965129183000
240903973589110000
240903973274546000
240904040706363000
240904090761166000
240904095135838000
240904208465920000
240904325738684000
240904443330166000
240904518580183000
240904611186237000
240904619205730000
240904673870114000
240904703427346000
240904724365340000
240904724398895000
240904745026482000
240904761900142000
240904925478010000
240904929932374000
240904954951389000
240904975914500000
240905009351503000
240905009359904000
240905013810049000
240905059909648000
240905076439408000
240905097524162000
240905177299820000
240905202335629000
240905219096064000
240905319893573000
240905323995607000
240905378462834000
240905424793116000
240905428958076000
240905449644384000
240905575825825000
240905575469293000
240905684529594000
240905705677287000
240905772928757000
240905806315405000
240905873566867000
240905877526290000
240905902968954000
240905953061515000
240905957411012000
240905961462702000
240906036955983000
240906045428473000
240906074713108000
240906091452567000
240906100117995000
240906120946937000
240906129411018000
240906200500277000
240906280275939000
240906309778694000
240906351411335000
240906397909397000
240906473322971000
240906506726416000
240906536162037000
240906540561858000
240906615841226000
240906649315975000
240906712507363000
240906737358606000
240906829570396000
240906838240026000
240906854933344000
240906993215369000
240907052275347000
240907110815248000
240907177781518000
240907182013562000
240907203228340000
240907370996305000
240907442060394000
240907446288252000
240907467423358000
240907660352946000
240907723263324000
240907735900749000
240907756578680000
240907832357167000
240907891022893000
240907907842068000
240907924476665000
240907983016562000
240907987370250000
240908108828909000
240908113165840000
240908163610710000
240908172016099000
240908201359458000
240908327066955000
240908344032915000
240908343852544000
240908365075709000
240908457232973000
240908465600618000
240908532583645000
240908545212686000
240908612510302000
240908624728305000
240908671243141000
240908700552941000
240908893243449000
240908947882663000
240908956464193000
240909014844731000
240909103050924000
240909115696771000
240909149423169000
240909174488305000
240909237352546000
240909241597165000
240909279157170000
240909346328948000
240909392575344000
240909434547740000
240909451157180000
240909522556837000
240909576868864000
240909581126090000
240909589699260000
240909597832007000
240909681697099000
240909744691363000
240909757240713000
240909774290550000
240909853944602000
240909916880109000
240909925180641000
240910071981281000
240910172795580000
240910193498681000
240910193532207000
240910227321544000
240910248230146000
240910256702627000
240910302823186000
240910327775121000
240910352798318000
240910382338809000
240910394804273000
240910428677476000
240910428350320000
240910461896364000
240910466342350000
240910474756116000
240910516694945000
240910520654372000
240910575335518000
240910604754374000
240910617144344000
240910625507782000
240910625713303000
240910642293379000
240910642503106000
240910692515991000
240910722249408000
240910768059580000
240910780986445000
240910839698305000
240910889837027000
240910902629638000
240910927690604000
240910948485955000
240910952621563000
240910961207287000
240910965502263000
240911057462366000
240911107781447000
240911158436052000
240911170721173000
240911325935570000
240911342847025000
240911342696005000
240911363646554000
240911397180035000
240911405715431000
240911422450712000
240911548279840000
240911564985741000
240911590214471000
240911724545441000
240911737241620000
240911854749245000
240911858616397000
240911946906476000
240911967706042000
240911984571318000
240912018327089000
240912026627608000
240912055740276000
240912055694159000
240912127148294000
240912127295094000
240912135549489000
240912173470216000
240912190058688000
240912194315878000
240912223818612000
240912240314810000
240912265707151000
240912303225176000
240912353485537000
240912395478900000
240912404135948000
240912429134016000
240912483651575000
240912512877481000
240912697418477000
240912710315945000
240912710215299000
240912714510266000
240912747834003000
240912798153060000
240912814963818000
240912953526845000
240912982639538000
240913003673968000
240913007952150000
240913049727414000
240913062692024000
240913117100527000
240913162998792000
240913167331504000
240913167511855000
240913188516941000
240913230409650000
240913263943110000
240913276429545000
240913326882820000
240913330900979000
240913335149793000
240913477571592000
240913490217418000
240913616302391000
240913700167499000
240913771407740000
240913817415069000
240913821546475000
240913838428528000
240913859358126000
240913897371078000
240914085951193000
240914136379314000
240914152992935000
240914346065133000
240914421394857000
240914480140259000
240914597773709000
240914601619890000
240914630992596000
240914669097861000
240914765587816000
240914773691203000
240914782163697000
240914815927865000
240914853546582000
240914870218944000
240914954004353000
240914958165094000
240914970714456000
240915029434707000
240915029824782000
240915033800990000
240915063127539000
240915105045438000
240915121893957000
240915218312622000
240915235345682000
240915348407341000
240915360843440000
240915373568970000
240915423959334000
240915503416221000
240915537050365000
240915587440730000
240915625332051000
240915746891395000
240915797176897000
240915818194550000
240915881109118000
240915897739530000
240915902256791000
240916023665111000
240916166325977000
240916203831435000
240916426209259000
240916484933697000
240916489367064000
240916573173456000
240916657034383000
240916753624989000
240916803721781000
240916812022300000
240916946311327000
240916992385773000
240917076380901000
240917076389294000
240917139492589000
240917147788922000
240917206521741000
240917223202516000
240917357302796000
240917647003365000
240917667702263000
240917672135630000
240917705434218000
240917714133217000
240917714154164000
240917718319112000
240917756088823000
240917776737370000
240917785193111000
240917806374322000
240917814838431000
240917823231250000
240917927824592000
240918020069933000
240918141780254000
240918179428331000
240918187980509000
240918238463152000
240918318054268000
240918490108796000
240918523646455000
240918540138446000
240918649462980000
240918783462608000
240918783710068000
240918947090804000
240918972449566000
240919018226212000
240919026883239000
240919039382265000
240919056016887000
240919093841125000
240919131476619000
240919320488710000
240919345398693000
240919446192021000
240919450398900000
240919458800103000
240919479712903000
240919488197963000
240919521639141000
240919567826841000
240919655852699000
240919719056637000
240919756528562000
240919760777383000
240919853249204000
240919853173714000
240919865735667000
240919890960187000
240919953937686000
240920008069349000
240920012540477000
240920024985006000
240920050054344000
240920054605168000
240920117435826000
240920134032687000
240920146493976000
240920213942575000
240920297652510000
240920440137216000
240920486299701000
240920524065218000
240920553479864000
240920574384283000
240920599797587000
240920620647464000
240920654042497000
240920750855434000
240920922566041000
240920922545061000
240920964647489000
240920981508591000
240920985455431000
240921040174321000
240921086374584000
240921174345912000
240921178527653000
240921186782044000
240921287583735000
240921400905453000
240921425987375000
240921450930909000
240921505742086000
240921505624629000
240921522288590000
240921547613810000
240921627104272000
240921715549544000
240921736378458000
240921748869099000
240921761556869000
240921895862693000
240921912375648000
240921933556895000
240921992184885000
240922071918592000
240922092823007000
240922248146452000
240922256379891000
240922289955278000
240922306657001000
240922382192230000
240922403377647000
240922461909176000
240922470121627000
240922545791045000